0 0.306184 0.413299 0.020102 0.019597
0 0.613719 0.476444 0.036594 0.034639
0 0.575605 0.480167 0.052039 0.051056
0 0.386320 0.626479 0.060344 0.094069
0 0.591023 0.523118 0.037328 0.045514
0 0.456922 0.587201 0.055906 0.070347
0 0.276934 0.604681 0.046836 0.076667
0 0.785410 0.561993 0.099039 0.095264
0 0.850078 0.562396 0.061766 0.079153
0 0.718422 0.604090 0.064609 0.080347
0 0.528711 0.726479 0.068359 0.103097
0 0.185117 0.390347 0.018516 0.017639
0 0.211680 0.401111 0.025734 0.025417
0 0.249887 0.398222 0.025992 0.023333
0 0.257324 0.551278 0.040992 0.061278
0 0.264648 0.482708 0.040391 0.045972
0 0.345715 0.489854 0.045133 0.061097
0 0.373148 0.439896 0.031953 0.034847
0 0.407648 0.435174 0.031922 0.027875
0 0.453055 0.523083 0.045641 0.059000
0 0.776797 0.425583 0.043547 0.046444
0 0.433367 0.938181 0.134016 0.123639
0 0.816121 0.930222 0.150023 0.139556
0 0.480078 0.438264 0.035000 0.039583
0 0.482926 0.467924 0.041492 0.037514
