0 0.443539 0.502944 0.049437 0.066778
0 0.369398 0.587653 0.046719 0.076750
0 0.401004 0.677424 0.060992 0.114903
0 0.657918 0.699174 0.088586 0.113542
0 0.544996 0.502125 0.044727 0.050056
0 0.308668 0.521285 0.039961 0.057486
0 0.650879 0.573160 0.051320 0.038792
0 0.628617 0.510549 0.052250 0.047597
0 0.920125 0.651618 0.100234 0.102764
0 0.766156 0.642278 0.077375 0.085111
0 0.498109 0.628722 0.066484 0.102194
0 0.597602 0.826569 0.094047 0.139778
0 0.722391 0.504174 0.023734 0.049403
0 0.467348 0.446757 0.040352 0.034347
0 0.418984 0.432986 0.038906 0.040694
0 0.343867 0.417153 0.037891 0.035694
0 0.868871 0.932785 0.140695 0.134431
0 0.691789 0.501312 0.035781 0.050653
0 0.663301 0.967438 0.113773 0.065125
0 0.531203 0.584701 0.055734 0.067903
0 0.549027 0.464035 0.036570 0.032653
0 0.533996 0.453625 0.031367 0.030556
0 0.373902 0.518583 0.043414 0.052194
0 0.379301 0.478208 0.039648 0.042833
0 0.331871 0.482444 0.040648 0.050417
0 0.257355 0.480507 0.034180 0.046069
0 0.249172 0.449187 0.035453 0.040236
0 0.467371 0.425243 0.034305 0.027319
0 0.296535 0.419910 0.030836 0.029625
0 0.262156 0.414958 0.020219 0.025639
0 0.218387 0.407104 0.020086 0.019708
0 0.238625 0.405236 0.020391 0.018222
0 0.188371 0.391861 0.014102 0.019278
