0 0.258871 0.546056 0.041852 0.098833
0 0.778430 0.655236 0.084578 0.071583
0 0.567648 0.498556 0.055547 0.091250
0 0.800590 0.506889 0.063258 0.047667
0 0.682031 0.497563 0.052500 0.052875
0 0.955594 0.604542 0.060469 0.071000
0 0.212750 0.396347 0.031266 0.030306
0 0.247996 0.403417 0.029602 0.037000
0 0.283285 0.402681 0.028273 0.026861
0 0.301000 0.422104 0.024500 0.023403
0 0.361695 0.414639 0.028844 0.030861
0 0.343281 0.431563 0.027578 0.029375
0 0.387598 0.429451 0.030242 0.034597
0 0.506625 0.426069 0.102125 0.091972
0 0.274988 0.492347 0.038648 0.043278
0 0.320910 0.479632 0.039648 0.039264
0 0.373480 0.511528 0.044414 0.053972
0 0.650672 0.441049 0.121969 0.088208
0 0.565293 0.478840 0.051898 0.052153
0 0.709703 0.551840 0.060687 0.062014
0 0.821996 0.559021 0.068773 0.055764
0 0.424316 0.566549 0.052336 0.080403
0 0.301055 0.650069 0.051656 0.093056
0 0.332496 0.536979 0.043039 0.062375
0 0.627031 0.873167 0.119203 0.191583
0 0.471105 0.970563 0.108367 0.058875
0 0.259191 0.947549 0.114383 0.104903
