0 0.495016 0.547708 0.052672 0.067639
0 0.246949 0.907264 0.098727 0.153556
0 0.877773 0.645674 0.082687 0.071264
0 0.576258 0.483083 0.050875 0.052889
0 0.774734 0.870417 0.118641 0.148306
0 0.456187 0.604014 0.051344 0.077194
0 0.715336 0.513646 0.055375 0.059792
0 0.700340 0.598917 0.066695 0.071306
0 0.444434 0.463139 0.036711 0.036806
0 0.486895 0.432729 0.036289 0.040903
0 0.463566 0.445972 0.031102 0.035139
0 0.597340 0.465590 0.030383 0.039569
0 0.239977 0.407868 0.034344 0.030236
0 0.409402 0.675194 0.059086 0.113833
0 0.284801 0.690958 0.060633 0.132806
0 0.340656 0.542938 0.051359 0.061986
0 0.850840 0.694007 0.089523 0.083181
0 0.521508 0.653722 0.071312 0.110250
0 0.362191 0.437292 0.032492 0.029028
0 0.313867 0.423063 0.029781 0.025569
0 0.669656 0.962000 0.118000 0.076000
0 0.235953 0.522104 0.037297 0.056292
0 0.421516 0.545382 0.056328 0.077431
0 0.264094 0.483493 0.036922 0.045319
0 0.227168 0.451840 0.035430 0.037319
0 0.371215 0.409688 0.032242 0.029653
0 0.309453 0.405354 0.029797 0.023653
0 0.267227 0.587076 0.047422 0.076542
