0 0.814422 0.519597 0.059906 0.057917
0 0.768801 0.568944 0.067367 0.067306
0 0.608117 0.889674 0.110719 0.182292
0 0.275813 0.707993 0.062688 0.101264
0 0.271941 0.832722 0.080508 0.161889
0 0.686523 0.742688 0.090188 0.116347
0 0.497332 0.481389 0.042758 0.038750
0 0.462691 0.949444 0.114289 0.095083
0 0.326355 0.416861 0.034852 0.035861
0 0.762918 0.409319 0.037430 0.050444
0 0.965617 0.707667 0.064375 0.065278
0 0.425734 0.435701 0.040406 0.035708
0 0.396648 0.446562 0.032547 0.029042
0 0.192070 0.399146 0.016953 0.016708
0 0.239449 0.411222 0.022180 0.022778
0 0.266992 0.410069 0.022891 0.020417
0 0.306941 0.470618 0.039445 0.040236
0 0.273547 0.490410 0.034125 0.043236
0 0.237059 0.533653 0.038367 0.046250
0 0.593211 0.465688 0.037969 0.036319
0 0.378109 0.618715 0.056750 0.101319
0 0.477754 0.611243 0.063867 0.088264
0 0.555500 0.466389 0.052125 0.058333
0 0.635223 0.557438 0.058961 0.051931
0 0.772852 0.652861 0.078312 0.090583
