0 0.213379 0.439028 0.035008 0.034611
0 0.234543 0.404667 0.031008 0.030083
0 0.263324 0.412618 0.024367 0.030986
0 0.239020 0.465993 0.034508 0.044069
0 0.866301 0.962799 0.098961 0.074403
0 0.676523 0.964396 0.107969 0.071208
0 0.546148 0.582396 0.068406 0.103653
0 0.286164 0.630069 0.045469 0.077389
0 0.274699 0.592417 0.041977 0.065639
0 0.328723 0.545431 0.045086 0.061500
0 0.237563 0.524375 0.036000 0.052139
0 0.340949 0.494188 0.039852 0.054153
0 0.498816 0.484368 0.046680 0.049069
0 0.535703 0.438861 0.037641 0.036583
0 0.446418 0.466257 0.037664 0.033597
0 0.471523 0.427646 0.045078 0.048569
0 0.391465 0.445097 0.032898 0.030778
0 0.313410 0.417215 0.028492 0.029319
0 0.200867 0.477660 0.032719 0.051264
0 0.676910 0.580743 0.062211 0.066819
0 0.522504 0.693181 0.066523 0.116250
0 0.682719 0.721694 0.086203 0.128083
0 0.262266 0.447701 0.037266 0.044347
0 0.381262 0.426382 0.032242 0.029653
0 0.929129 0.608486 0.083602 0.075306
0 0.397578 0.657521 0.069687 0.137236
0 0.596523 0.529813 0.038641 0.048931
0 0.610254 0.474090 0.050336 0.051625
0 0.447281 0.573403 0.053781 0.065833
0 0.979398 0.580125 0.041125 0.071694
0 0.936516 0.692208 0.085641 0.076556
0 0.282738 0.782111 0.078508 0.169556
0 0.663152 0.476292 0.043758 0.030861
0 0.811191 0.676153 0.085023 0.082917
