0 0.262348 0.408861 0.028570 0.025000
0 0.288949 0.439153 0.037055 0.041972
0 0.260336 0.455104 0.035609 0.040264
0 0.260852 0.484917 0.037000 0.043333
0 0.912344 0.600903 0.085469 0.062917
0 0.734066 0.798125 0.115180 0.173194
0 0.917660 0.553847 0.070508 0.060472
0 0.391191 0.639181 0.086617 0.190528
0 0.427602 0.572847 0.041203 0.065556
0 0.431211 0.509743 0.047812 0.067569
0 0.370859 0.475604 0.036078 0.041153
0 0.399637 0.417569 0.032414 0.030861
0 0.333816 0.486021 0.042555 0.046042
0 0.322051 0.417250 0.041477 0.034167
0 0.251699 0.551090 0.041086 0.049458
0 0.292254 0.506646 0.039008 0.062097
0 0.328020 0.541375 0.038570 0.062972
0 0.508844 0.566375 0.054641 0.063167
0 0.897281 0.460250 0.070922 0.064389
0 0.301063 0.596229 0.042797 0.074347
0 0.544289 0.733528 0.073797 0.110306
0 0.748547 0.577972 0.070609 0.064361
0 0.737738 0.492535 0.051555 0.051847
0 0.195211 0.389965 0.025578 0.022986
0 0.293238 0.778486 0.072430 0.150000
0 0.212539 0.404132 0.021000 0.021653
