0 0.700043 0.537701 0.057023 0.058625
0 0.476270 0.632667 0.059898 0.081889
0 0.464258 0.453799 0.035609 0.038986
0 0.515363 0.435424 0.044695 0.046986
0 0.662281 0.469278 0.046250 0.051139
0 0.541793 0.584674 0.057133 0.081542
0 0.327953 0.537903 0.041750 0.066083
0 0.254289 0.403035 0.023766 0.031375
0 0.264805 0.415583 0.021563 0.019222
0 0.402699 0.449722 0.033992 0.026944
0 0.384094 0.483646 0.038641 0.042375
0 0.378699 0.513979 0.043914 0.062903
0 0.460637 0.522576 0.053070 0.068681
0 0.224902 0.407146 0.023805 0.021653
0 0.236102 0.441813 0.033516 0.032264
0 0.269504 0.437937 0.034242 0.031403
0 0.297809 0.405903 0.028758 0.021583
0 0.342699 0.420611 0.024055 0.019444
0 0.230844 0.469576 0.031281 0.033069
0 0.273777 0.464285 0.034711 0.036958
0 0.323488 0.445813 0.039320 0.048903
0 0.368895 0.440306 0.024211 0.025167
0 0.990824 0.642319 0.018023 0.057972
0 0.205137 0.473785 0.026133 0.029681
0 0.438078 0.582187 0.048578 0.062819
0 0.623305 0.679708 0.078016 0.101861
0 0.292566 0.503799 0.040148 0.049764
0 0.552844 0.472118 0.052297 0.055625
0 0.262273 0.898542 0.121719 0.191667
0 0.778332 0.642958 0.087617 0.117111
0 0.842543 0.615944 0.072773 0.069472
0 0.616543 0.497646 0.051570 0.059653
0 0.285625 0.625569 0.053938 0.103528
0 0.736105 0.518403 0.052773 0.050639
