0 0.190414 0.470500 0.016563 0.044444
0 0.830715 0.612056 0.071617 0.062139
0 0.853082 0.942514 0.107055 0.108250
0 0.273965 0.839493 0.085648 0.135764
0 0.874926 0.697778 0.079148 0.081972
0 0.507133 0.464465 0.040359 0.037986
0 0.423809 0.421687 0.037070 0.034153
0 0.668086 0.521965 0.043828 0.044931
0 0.340457 0.421069 0.031586 0.039028
0 0.382117 0.624201 0.050766 0.077236
0 0.239656 0.521167 0.040266 0.063167
0 0.639145 0.561507 0.038602 0.050625
0 0.985582 0.636264 0.028383 0.087583
0 0.188746 0.397153 0.022117 0.020694
0 0.230531 0.402542 0.016484 0.019167
0 0.252336 0.405819 0.029109 0.025444
0 0.295137 0.466778 0.040039 0.046750
0 0.344199 0.495243 0.039586 0.042403
0 0.569937 0.449660 0.035344 0.027319
0 0.562695 0.495618 0.044297 0.041097
0 0.596711 0.640382 0.068469 0.085375
0 0.434332 0.900889 0.104930 0.195722
0 0.308008 0.530556 0.041953 0.068611
