0 0.453129 0.957958 0.118633 0.084083
0 0.560852 0.510090 0.048672 0.048569
0 0.289469 0.501903 0.037484 0.041806
0 0.779273 0.545604 0.044672 0.039958
0 0.745027 0.559569 0.055695 0.054778
0 0.396125 0.691528 0.059344 0.093444
0 0.240484 0.466326 0.041906 0.049708
0 0.502387 0.554028 0.049195 0.056472
0 0.267316 0.539250 0.040164 0.069194
0 0.620637 0.550562 0.052273 0.055542
0 0.866848 0.720812 0.096039 0.097514
0 0.204945 0.480576 0.037016 0.060264
0 0.734219 0.623549 0.070000 0.070153
0 0.653832 0.522208 0.046867 0.037139
0 0.438020 0.444736 0.037586 0.039167
0 0.428242 0.503306 0.042422 0.048944
0 0.367184 0.511854 0.045758 0.055903
0 0.662797 0.495889 0.049859 0.044972
0 0.218543 0.402049 0.028867 0.028653
0 0.221543 0.425215 0.032617 0.030319
0 0.347430 0.430937 0.034016 0.031681
0 0.505148 0.445556 0.116563 0.128611
