0 0.559375 0.775306 0.078594 0.124500
0 0.825617 0.553174 0.072453 0.071042
0 0.765852 0.602361 0.068687 0.075500
0 0.835090 0.689382 0.090305 0.084542
0 0.485961 0.466681 0.033984 0.043111
0 0.555629 0.460847 0.035242 0.038972
0 0.282715 0.652715 0.056102 0.099875
0 0.323359 0.515882 0.047531 0.090819
0 0.502848 0.649896 0.069930 0.107847
0 0.245195 0.468882 0.037844 0.045958
0 0.352063 0.438153 0.024984 0.019639
0 0.396699 0.429840 0.020930 0.020986
0 0.474445 0.467375 0.056922 0.043306
0 0.204316 0.394882 0.033211 0.031097
0 0.273801 0.410833 0.027711 0.024944
0 0.304078 0.404417 0.028344 0.021611
0 0.323598 0.419972 0.030461 0.027361
0 0.315855 0.479542 0.044664 0.036139
0 0.262266 0.544813 0.042406 0.062458
0 0.621934 0.454549 0.046102 0.035931
0 0.638016 0.478375 0.034750 0.032250
0 0.613551 0.503639 0.047711 0.045889
0 0.385125 0.484424 0.045547 0.044986
0 0.970000 0.718049 0.060000 0.094958
0 0.230934 0.937431 0.102227 0.125139
0 0.434309 0.948611 0.122320 0.102778
