0 0.285523 0.406535 0.027766 0.030681
0 0.722699 0.548438 0.064523 0.070153
0 0.595125 0.528715 0.048922 0.060597
0 0.839027 0.618604 0.091758 0.080875
0 0.499820 0.556868 0.065250 0.073042
0 0.532348 0.674667 0.070008 0.105194
0 0.491508 0.462472 0.038531 0.040222
0 0.626020 0.499549 0.052102 0.053181
0 0.447813 0.457743 0.046500 0.048264
0 0.440617 0.581764 0.052109 0.067083
0 0.353422 0.465382 0.048797 0.066292
0 0.342871 0.543014 0.040086 0.067778
0 0.290234 0.598021 0.078125 0.175208
0 0.249336 0.519861 0.046641 0.081944
0 0.970363 0.725958 0.059273 0.095861
0 0.833980 0.556653 0.079320 0.071611
0 0.515348 0.440417 0.047742 0.042722
0 0.430957 0.425396 0.032430 0.033208
0 0.363785 0.437368 0.036133 0.031653
0 0.383754 0.428000 0.019367 0.023361
0 0.326316 0.418194 0.028570 0.028056
0 0.254758 0.458681 0.032438 0.038250
0 0.244102 0.432299 0.038203 0.039653
0 0.200410 0.400549 0.020586 0.026181
0 0.175719 0.393778 0.021047 0.019056
0 0.216008 0.402014 0.018094 0.023639
